seeds: 79 1 14 1 55 1 13 1

seed-to-soil map:
50 98 2 (-48)
52 50 48 (2)
=
13 -> 13
14 -> 14
55 -> 57
79 -> 81

soil-to-fertilizer map:
39 0  15 (39)
0  15 37 (-15)
37 52 2  (-15)
=
13 -> 52
14 -> 53
57 ->
81 ->

fertilizer-to-water map:
42 0 7 (42)
57 7 4 (50)
0 11 42 (-11)
49 53 8 (-4)
=
52 -> 28
49 -> 28
51 -> -2
79 -> 2

water-to-light map:
88 18 7 (70)
18 25 70 (-7)
=
45 -> 28
42 -> 28
44 -> -9
72 -> -5

light-to-temperature map:
81 45 19 (36)
68 64 13 (4)
45 77 23 (-32)
=
81 -> 28
42 -> 28
44 -> 27
35 -> -37

temperature-to-humidity map:
1 0 69 (1)
0 69 1 (-69)
=
82 -> 29
43 -> 29
45 -> 28
36 -> -37

humidity-to-location map:
60 56 37 (4)
56 93 4  (-37)
=
82 -> 29
43 -> 29
45 -> 28
36 -> -33